51
53
54
55
57
58
59
60
61
62
77
78
79
80
81
82
83
84
85
87
89
90
110
111
112
113
115
116
117
118
119
120
121
140
142
143
145
146
148
149
150
151
152
154
159
160
161
164
165
166
167
168
171
172
173
180
181
203
204
205
206
207
208
209
210
211
212
213
215
216
217
218
219
220
221
222
223
224
257
259
261
262
263
264
265
266
267
268
269
270
271
272
273
274
275
276
277
278
281
282
283
284
286
288
289
290
292
293
294
295
297
298
299
301
302
303
304
305
306
307
308
310
311
312
316
317
318
319
320
321
323
325
326
327
329
330
331
332
333
334
335
337
339
341
345
347
348
349
350
352
354
355
356
357
359
363
366
367
368
369
371
372
373
374
375
376
377
378
384
385
386
387
388
389
390
391
392
399
401
402
403
404
405
406
407
408
409
411
412
413
414
415
416
417
418
419
420
423
424
425
426
427
428
429
433
437
438
439
440
441
442
443
446
447
453
458
459
460
461
462
463
464
465
466
467
469
470
471
473
474
475
476
477
479
481
483
487
489
490
493
495
496
497
498
499
502
503
504
505
506
507
508
509
511
512
513
514
515
516
517
519
521
522
523
525
531
534
535
537
538
539
540
541
542
543
544
545
546
547
549
553
554
555
556
557
558
559
560
561
562
563
570
571
572
573
575
591
592
593
594
595
596
599
601
602
603
604
605
607
609
610
611
612
614
617
618
619
620
621
622
623
624
625
626
627
628
629
630
633
634
636
638
639
694
697
699
701
703
704
705
706
707
708
709
710
711
713
714
715
716
717
719
721
723
726
727
728
729
730
731
732
733
734
735
737
739
740
741
743
744
745
747
750
751
752
753
754
755
756
757
758
759
760
761
762
763
764
765
766
767
768
769
770
771
772
773
775
779
781
783
785
787
789
791
792
793
794
795
796
797
798
799
801
802
803
804
805
806
